image_width: 1920
image_height: 1080
camera_name: "camera3"
camera_matrix:
  rows: 3
  cols: 3
  data: [1157.252619, 0, 946.571415, 0, 1156.428785, 549.616542, 0, 0, 1]
distortion_model: plumb_bob
distortion_coefficients:
  rows: 1
  cols: 5
  data: [-0.3821, 0.1428, -0.00068655, -0.00062469, 0]
rectification_matrix:
  rows: 3
  cols: 3
  data: [1, 0, 0, 0, 1, 0, 0, 0, 1]
projection_matrix:
  rows: 3
  cols: 4
  data: [1157.252619, 0, 946.571415, 0, 0, 1156.428785, 549.616542,0, 0, 0, 1, 0]
