image_width: 1280
image_height: 720
camera_name: "camera1"
camera_matrix:
  rows: 3
  cols: 3
  data: [747.356409, 0, 645.293182, 0, 747.794094, 381.808991, 0, 0, 1]
distortion_model: plumb_bob
distortion_coefficients:
  rows: 1
  cols: 5
  data: [-0.3308, 0.1182, -0.00012295, -0.000014983, 0]
rectification_matrix:
  rows: 3
  cols: 3
  data: [1, 0, 0, 0, 1, 0, 0, 0, 1]
projection_matrix:
  rows: 3
  cols: 4
  data: [747.356409, 0, 645.293182, 0, 0, 747.794094, 381.808991,0, 0, 0, 1, 0]
