image_width: 1280
image_height: 720
camera_name: "camera4"
camera_matrix:
  rows: 3
  cols: 3
  data: [737.685910, 0, 647.747645, 0, 738.361414, 374.783301, 0, 0, 1]
distortion_model: plumb_bob
distortion_coefficients:
  rows: 1
  cols: 5
  data: [-0.3399, 0.1465, -0.00063361, -0.00057068, 0]
rectification_matrix:
  rows: 3
  cols: 3
  data: [1, 0, 0, 0, 1, 0, 0, 0, 1]
projection_matrix:
  rows: 3
  cols: 4
  data: [737.685910, 0, 647.747645, 0, 0, 738.361414, 374.783301,0, 0, 0, 1, 0]
