image_width: 1280
image_height: 720
camera_name: "camera3"
camera_matrix:
  rows: 3
  cols: 3
  data: [774.988368, 0, 626.037038, 0, 775.799464, 366.219814, 0, 0, 1]
distortion_model: plumb_bob
distortion_coefficients:
  rows: 1
  cols: 5
  data: [-0.3752, 0.1456, -0.0014, -0.00023664, 0]
rectification_matrix:
  rows: 3
  cols: 3
  data: [1, 0, 0, 0, 1, 0, 0, 0, 1]
projection_matrix:
  rows: 3
  cols: 4
  data: [774.988368, 0, 626.037038, 0, 0, 775.799464, 366.219814,0, 0, 0, 1, 0]
