image_width: 1280
image_height: 720
camera_name: "camera2"
camera_matrix:
  rows: 3
  cols: 3
  data: [739.900213, 0, 661.033245, 0, 740.043216, 364.130756, 0, 0, 1]
distortion_model: plumb_bob
distortion_coefficients:
  rows: 1
  cols: 5
  data: [-0.3376, 0.1287, -0.00073427, -0.00015334, 0]
rectification_matrix:
  rows: 3
  cols: 3
  data: [1, 0, 0, 0, 1, 0, 0, 0, 1]
projection_matrix:
  rows: 3
  cols: 4
  data: [739.900213, 0, 661.033245, 0, 0, 740.043216, 364.130756,0, 0, 0, 1, 0]
