image_width: 1280
image_height: 720
camera_name: "camera5"
camera_matrix:
  rows: 3
  cols: 3
  data: [741.564472, 0, 669.000132, 0, 742.110750, 374.558612, 0, 0, 1]
distortion_model: plumb_bob
distortion_coefficients:
  rows: 1
  cols: 5
  data: [-0.3171, 0.092, -0.0005349, -0.00060754, 0]
rectification_matrix:
  rows: 3
  cols: 3
  data: [1, 0, 0, 0, 1, 0, 0, 0, 1]
projection_matrix:
  rows: 3
  cols: 4
  data: [741.564472, 0, 669.000132, 0, 0, 742.110750, 374.558612,0, 0, 0, 1, 0]
